3697
13556
16100
9990
8474
23469
20836
5479
17247
13819
31375
24468
31920
10160
14694
2483
27521
4421
19336
20191
14592
23012
5547
6919
418
18256
29411
13883
148
7014
19058
16375
29321
16222
28211
22762
31681
26277
5622
26192
9385
25480
1632
11020
9156
6544
25946
5445
4208
24910
29646
30295
28315
3417
30317
10299
15259
27325
17748
15827
32171
26314
30637
8301
2181
21765
21563
268
26803
17202
2413
2025
21674
4493
31236
10884
26527
608
9449
18228
15762
16518
23986
21490
24821
5520
14864
3313
9016
16877
23986
29904
3857
10232
12730
19525
21927
29746
8086
19326
19252
28342
28882
2489
28718
26989
3965
32362
4651
19077
25385
17640
27157
12464
31165
6055
3091
22097
29298
7511
25841
9039
12523
15734
8606
10247
8990
6643
11384
7843
1571
2781
25883
20726
20291
18763
31234
9160
20798
28861
4550
874
18522
7813
26932
22470
7748
1853
17978
13660
16356
6306
23085
22157
24581
27011
14475
26860
5676
16194
6239
12250
9882
1538
1657
7945
8107
7325
9688
12197
13178
8163
29899
26678
13122
26450
23808
22606
32558
15196
9865
7816
29517
18495
22837
11573
3625
19581
24268
23929
24639
29359
21693
30456
16633
22573
655
8354
4799
19395
9807
14742
24399
30185
14567
22467
30802
2786
1253
30796
22013
1348
28112
3066
21598
26722
2937
17580
13945
22716
12369
19537
24524
28108
487
31441
17390
22849
16146
14017
17992
18054
3677
14610
30769
32362
29545
3572
5901
2031
26511
29341
19244
22291
11013
24021
20097
3531
16074
27620
100
20474
20783
31556
21202
404
22709
30918
9406
26988
25362
28350
3708
31215
30832
10680
31607
28723
10061
25270
12426
25927
18107
12156
13324
14047
31483
5177
12436
21679
25599
2431
9864
17893
22949
3825
8210
5687
1302
6030
4856
30896
32567
13079
24257
25479
20854
16722
6760
9822
863
24312
7596
4124
15354
14607
9318
17417
10998
7058
19539
4873
23933
22109
3269
25480
3076
24986
19063
30845
24202
22526
30886
2939
21764
10186
19572
29460
14062
30169
12301
19507
24272
20513
11833
20956
23972
30827
22202
786
11376
4835
6504
32739
13455
6550
30786
20063
17831
5704
21341
15682
17471
8277
12210
24181
4566
5853
6351
32324
11162
16628
29686
22339
11760
28636
22441
18771
9117
11460
848
13432
20756
11371
19539
27938
32708
11382
2360
17339
25331
27179
24091
24962
20738
29043
27005
16902
20591
19329
12795
31526
5514
12765
13086
441
22779
22764
9711
29990
12494
14717
21418
22555
26248
5208
14275
2952
19357
17754
6474
23988
24689
8997
1208
27570
1386
6758
9413
3743
27428
4027
18387
30723
10840
7694
20801
1651
30643
7198
32534
5604
12991
10336
27948
6134
21731
8793
6497
20957
12063
9951
10657
13604
29651
24742
15671
3379
20486
18914
10288
9963
14702
902
26891
21739
13934
5868
27866
26188
9639
10075
22696
3624
8128
8618
12995
14321
16749
30958
30045
13414
10203
20816
1709
369
22267
10120
27960
10944
12769
21088
11229
25090
5288
25196
8807
9794
30429
13395
26505
1859
16913
2420
11362
23867
30371
19033
12781
30944
